<<<<<<< HEAD
285.699
291.239
290.077
289.348
292.667
293.549
291.664
294.418
294.62
295.522
295.433
294.71
296.725
296.346
297.588
297.152
299.574
302.739
301.189
306.316
312.1
310.139
312.906
314.881
316.466
309.173
318.067
316.754
319.638
319.283
323.414
324.586
=======
299.972
160.744
116.217
89.963
79.234
70.111
62.655
57.308
53.136
50.163
47.313
44.836
43.141
42.599
41.645
36.904
53.501
52.894
55.736
53.344
51.633
50.186
48.107
49.372
46.566
47.454
51.631
51.027
51.085
51.176
49.97
45.524
>>>>>>> b6f3c75da2f139d277c1a6eee4b737d458707d5c
