-3.279638211216608,-2.6421607639061424,1
-4.900622889508496,-3.1471178570389293,1
-3.926359178467383,-2.309842503590221,1
-9.31888198631284,-6.2209596298050505,0
-3.683583866325306,-2.8637222155036817,1
-4.384021327165867,-4.411779618983638,1
-9.33488469637836,-6.7230156626592725,0
-3.666011418595102,-1.3907980208598576,1
-9.934294459244056,-5.753764794766007,0
-9.62086308748621,-7.862732660958155,0
-4.445315054674469,-2.454592664799804,1
-2.765657185005205,-2.526234442792958,1
-3.1495377135868585,-0.8428798366963395,1
-2.6281099982673917,-1.4827297732257088,1
-9.503640317858835,-7.336570600683619,0
-3.6738654569468263,-1.4550173080712343,1
-10.922261579117857,-5.679880202559055,0
-4.850023431621814,-2.634524268173754,1
-7.678908236844281,-6.93357794783771,0
-2.688618460714496,-1.3875480459492482,1
-6.037995169387413,-4.086548652098468,1
-9.581990230987032,-6.091362515460268,0
-3.465241440785817,-2.2791312930466328,1
-9.39863549026511,-6.844905327953723,0
-5.458054411967028,-2.0901535834700273,1
-10.429589015178573,-6.75282781072782,0
-3.54865639400962,-1.2795360393159418,1
-5.378150202259171,-2.6161242875993507,1
-3.864815672236334,-1.617089525253694,1
-4.490520872647568,0.16862278928531893,1
-4.159699765814599,0.02368724131818567,1
-5.338470553773185,-1.1044127376794115,1
-4.227106580823734,-2.5705741239661473,1
-10.469214662633602,-4.526401179338073,0
-3.712338881806729,-2.2846741211717316,1
-4.52848744813823,-2.066732302443883,1
-7.45906917971025,-3.3578536350799215,1
-8.403603320055478,-6.212336950294674,0
-10.102120358536126,-7.272715305038538,0
-11.513724461107723,-7.5397153543165905,0
-9.035505572557282,-5.851799988609855,0
-9.858078154289363,-4.711569792588492,0
-9.030573654074718,-6.822993518895815,0
-9.716259492981287,-7.717924859034528,0
-8.936315730729262,-7.573629413680955,0
-5.335925691139325,-3.103086788252964,1
-8.617016173331207,-5.501113850054361,0
-2.2407472114469167,-2.3535428832110954,1
-4.425534584281678,-1.7540805650670523,1
-5.100593188377887,-0.6445937475290486,1
-8.723634349657676,-6.863989132220262,0
-3.011074330289501,-0.9481761531833939,1
-5.838246483041539,-2.677377371573262,1
-8.94414587242655,-4.527464490715591,0
-9.726797202432877,-5.882568063805108,0
-5.329541328443239,-2.6600906201242664,1
-10.429370814727898,-5.722742292320839,0
-10.390558568366435,-6.4207090927816335,0
-8.09133709567585,-6.218725781287281,0
-4.1693323762338155,-2.3751091343386332,1
-3.515383647774271,-3.047747461008841,1
-9.126735178241855,-6.113116526563273,0
-9.274803253132372,-6.104431110634598,0
-3.945357122790149,-1.542030944136624,1
-5.509739171861881,-2.699383347140981,1
-4.710309054824617,-3.3625488385759286,1
-9.564735514599112,-5.612363613215878,0
-4.260629724343242,0.25743100686507336,1
-4.676776737074154,-3.6541667009489194,1
-9.386337184895279,-6.62819515919153,0
-4.198453856107754,-2.6911815958167185,1
-2.958326633198168,0.4848681391577174,1
-3.0016038542792316,-1.122463294830911,1
-2.5565795945453074,-1.8370818377666516,1
-7.750205033158509,-6.623655047009607,0
-3.474817666282927,-2.4383070008089067,1
-4.227037058744914,-3.750353348979199,1
-10.351370732103042,-7.373944080634567,0
-10.358790817504927,-6.6640948282453305,0
-10.190948679363068,-7.678758680534051,0
-10.035083780559253,-7.110584194985345,0
-3.773560068777279,-0.5701544020621145,1
-8.747121759323576,-5.7375860500084315,0
-3.7743953211838206,-0.8338837866346951,1
-10.73432273465042,-6.723530040575889,0
-3.427969841024498,-3.495881140354527,1
-3.4652502167304906,-1.6399351532371362,1
-3.1999294637158355,-2.802207079165439,1
-3.1916035866678296,-2.5013025595683254,1
-4.454534047087242,-0.5488967845206865,1
-9.510697851987237,-7.024126331753534,0
-3.425278318028125,-2.8760407539264885,1
-3.981904178163023,-2.1572864950740422,1
-4.284864234252162,-1.4054540858352254,1
-10.447294880049366,-6.529957453374878,0
-3.837767704438869,-1.4752556875799296,1
-3.313796159768334,0.05309125627824818,1
-4.729892074818269,-1.0353047326957336,1
-4.810364141064344,-1.7786011518370761,1
-10.707623849846685,-5.992800366320201,0
-10.405985974168996,-7.619952770778179,0
-10.055265262747497,-7.72848977086011,0
-9.81874865022828,-7.731883406778861,0
-4.680323368646602,-1.814094061807802,1
-1.9229442483227546,-1.8082491586518916,1
-3.426311139587469,-3.130239319600892,1
-9.953625216255775,-6.712827526492852,0
-3.2876194864367596,-2.2984244899349537,1
-4.501469781506218,-1.911156757107806,1
-3.8513621152409354,-1.1387396323907273,1
-12.029461186595018,-7.380821166646991,0
-1.9722085180732818,-3.2998877436385543,1
-4.343599485578616,-2.447268992240766,1
-4.123788708921341,-1.0202292981798657,1
-11.29396969301674,-9.482178074271808,0
-3.816558699677584,-1.7341640771147118,1
-10.949118993834873,-6.3850207873591724,0
-3.640930539888784,-2.5693321099268083,1
-4.593190847810401,-3.785008241036324,1
-8.641069425919103,-6.279207992020001,0
-2.022042169991984,-1.854271661357541,1
-9.060047693130024,-7.082857430340443,0
-5.045352449750639,-0.3286063760766318,1
-9.942874610409408,-7.840809148816744,0
-9.673496896941915,-8.799396634715913,0
-8.844453682731471,-6.634886946495786,0
-10.277611956621955,-4.8079319517521935,0
-10.618693953467474,-4.2408425875835984,0
-3.8898389561853546,-1.6294207044888076,1
-10.675519083431567,-6.559182759224686,0
-8.311623913745375,-8.04763901273523,0
-5.275685656379698,-2.5017625755291975,1
-5.262367884221765,-2.5237616521887007,1
-8.251002564590223,-6.412353854179382,0
-7.67730704950614,-5.91050957970829,0
-5.063872148687101,-1.9540711431666669,1
-4.336369723421558,-4.296371148897769,1
-7.86000899517714,-8.404342222685624,0
-9.00255789126092,-5.998789905716511,0
-4.137292912622141,-1.4222188895342558,1
-10.309343378796056,-7.701039462501897,0
-10.696305869678884,-8.042337367193678,0
-9.071133604203835,-6.8882058499162095,0
-4.88459437455783,-3.0847164050390123,1
-8.759795023246738,-4.974416613475159,0
-10.417163795009435,-6.6128867297991665,0
-3.7448855351523003,-2.3993246519285654,1
-10.472902763314584,-5.200857187169827,0
-4.6660140656134885,-1.4688620366882001,1
-10.031685260635117,-6.769038940598317,0
-8.692829294516622,-6.355247038001955,0
-3.8373070809426975,-2.4638181270789494,1
-5.449712979820041,-0.9296779929600076,1
-11.516031274373633,-5.777216888856045,0
-9.778428811250494,-5.808042103835797,0
-3.901591561401489,-1.6154130184803828,1
-9.698591990186486,-6.011127386538403,0
-9.7650635202001,-6.831029106647138,0
-3.773524151326214,-1.7460000846067438,1
-3.684026481333058,-2.3690070516865034,1
-4.998537589473312,-2.2294731054507633,1
-9.435721015975655,-6.321963289431066,0
-8.443989529745718,-6.459028141841188,0
-5.686869139044459,-1.982092659112221,1
-5.955517933144531,-2.8642949304980894,1
-2.5510703156910615,-1.5449495451346154,1
-10.51201505355869,-6.066201712372653,0
-3.332643608207335,-0.3048969460835116,1
-4.290948830191596,-1.808537738018281,1
-10.140415763054193,-5.597919726005805,0
-11.072734920665951,-7.471164752469944,0
-3.28135770699508,-3.0683180576837663,1
-9.03007529667017,-6.559584194446184,0
-9.93791426403327,-4.911503070003834,0
-3.2951424262345217,-2.0211576551078987,1
-10.054308522759845,-7.554439883726315,0
-11.025850187763133,-5.495489183625006,0
-7.1034432331989095,-6.177387716067298,0
-9.25074212262081,-6.788690474524998,0
-11.167891399143638,-7.344381124084995,0
-3.6493791467841192,-2.3747326497623495,1
-5.255684903365225,-1.6350900896631742,1
-3.2138908800040946,-0.07463158669263903,1
-3.301871904557008,-3.471164278824923,1
-5.942018049049011,-8.162032198579027,0
-2.5590534310617308,-1.8928408873301987,1
-3.158161206606208,-2.1326797327863685,1
-4.544455879346678,-0.42916292815732193,1
-8.4384666776255,-5.8168329404222225,0
-9.815276897954595,-5.784033469376224,0
-9.783542949287776,-5.496009093604545,0
-3.7124528951167295,-2.4813230111053444,1
-9.94087538571405,-6.5433365013843385,0
-10.346018454146792,-6.342429058462656,0
-3.6866372875577937,-1.6380867833709605,1
-2.62561256021372,-2.52570991721885,1
-12.341471029152627,-5.025212251321263,0
-3.3533433535291386,-1.2645385256733335,1
-5.417077866445721,-3.7790525425930395,1
-3.4895725082194295,-3.0750536755977143,1
-9.690537785218998,-5.910416159855933,0
-4.302520975440444,-2.630645783740265,1
-3.6481595662215236,-3.003167805119128,1
-4.897175561681053,-2.7919402703680998,1
-2.320050631465733,-2.7029114709985227,1
-9.619349540504496,-6.828745888908405,0
-4.424785054137713,-0.22612847927364,1
-9.980710232607331,-6.525342335185103,0
-9.305668970025181,-5.628967452342134,0
-11.0870523954025,-6.962903986123288,0
-4.043706692132239,-2.6860963573245673,1
-9.669648677764675,-6.240242617956863,0
-2.801084268503347,-0.3043398754990736,1
-4.042068695546115,-1.4109960800962709,1
-8.435799748662182,-6.897905083715295,0
-7.87744699537523,-6.746051079157649,0
-5.29617255095973,-1.577036115253882,1
-3.932615582732247,-2.7496029109834295,1
-9.391717621390718,-6.934213310483889,0
-5.219381385598834,-3.3605196627684153,1
-9.792455201759044,-6.646727738032526,0
-7.915011170512818,-6.2410595960215804,0
-3.4052867743135535,-2.365013414969537,1
-2.6842873615073786,-3.069020169501579,1
-8.10149554235724,-7.198563035688597,0
-3.704948560337336,-2.5830027668840008,1
-8.305578464439384,-6.558694140076652,0
-4.180481544339974,-1.470121727347479,1
-3.563032698502119,-1.6834199393966118,1
-6.00644902899566,-1.563426618305809,1
-4.177690665153218,-3.0824862588723447,1
-9.544699365875708,-4.295783944666729,0
-9.025021169020423,-5.814208222634945,0
-9.505834182663579,-5.437677281268516,0
-4.692343710139042,-0.8347238867610796,1
-3.4767728288740973,-3.1660626108488485,1
-4.970840046293737,-3.1384361062858797,1
-5.167775793509479,-2.3549143755551856,1
-4.906347284439335,-1.272409453298927,1
-3.273077778408375,-2.22849761928055,1
-9.63571151504716,-5.009630542016332,0
-5.20670928168977,-3.070004712479896,1
-9.650851104567465,-5.240553264949043,0
-3.9695435460991395,-1.2445474807731003,1
-10.651616406909389,-7.529414470799388,0
-2.5796447036401475,-1.8998541971857068,1
-4.082508478526127,-2.964034382505025,1
-10.723199640381738,-7.338998295819637,0
-7.945135846595067,-5.655465820363311,0
-3.5723648775202723,-3.14111343547438,1
-4.9944425260375205,-2.726370366511559,1
-8.632123307621727,-5.982670561690085,0
-9.260081298685462,-6.4806760492234545,0
-8.512795278001798,-7.2729999579839255,0
-9.864760486698415,-4.014516905023689,0
-11.687851195966225,-6.582674238923739,0
-10.20575141039644,-7.168786782617552,0
-8.990932236070616,-5.333904688413789,0
-4.703797969076809,-1.528849354633575,1
-7.9016574972256794,-6.375539416418816,0
-8.768418651095962,-7.63866849509568,0
-11.493359896452764,-6.2769699874336835,0
-4.164482325602746,-3.9963876196884134,1
-4.009505169769453,-3.296907438035444,1
-10.140233716064822,-9.34491587541043,0
-3.2030979113529265,-2.8807588439898835,1
-8.409810868105104,-3.795352694270526,0
-4.268639296975256,-3.892572452067408,1
-9.171261254914251,-7.808647230715877,0
-3.952540788596748,-2.7508482065531563,1
-3.6692698510541395,0.3887638209901412,1
-9.438007419259877,-6.924372619443682,0
-10.024917072772222,-6.406496256162795,0
-11.069893420874713,-6.987935765145583,0
-11.636546262912663,-7.668233181421396,0
-9.27090792841393,-6.79338500285164,0
-4.622123810045453,-0.9453915546218647,1
-4.835438910714331,-3.1884765114705367,1
-9.151877766684764,-5.744395693346625,0
-9.639472155694499,-6.716431334708234,0
-5.816983963888585,-0.969220003728573,1
-10.500709563850581,-7.786973478366502,0
-9.43229752980208,-7.021872720758047,0
-11.135260029094578,-7.209038242894226,0
-10.32574990425488,-8.929082643536987,0
-9.930165795661463,-7.526365758059403,0
-4.188424400543303,-3.666207619593295,1
-4.330119124123855,-1.4127997268853645,1
-11.203467121434512,-8.530810205525086,0
-9.199422677492485,-5.637299091119942,0
-5.763611684144646,-1.7098284119460665,1
-3.138246921745481,-2.4613768148513504,1
-8.625108118813957,-7.459024960075967,0
-11.333795424639526,-6.622690923475191,0
-7.693429302343491,-5.820380046840151,0
-4.541107183011672,-0.7663614252249149,1
-2.8821547566942476,-2.106657062097626,1
-3.2873869640076894,-1.728869135116826,1
-10.51838499446074,-6.727171554985659,0
-11.428971091986671,-7.377186932194333,0
-3.202304442781699,-4.761766668008896,1
-3.4882972043858347,-2.1111227339150624,1
-4.640543710033746,-1.560398467585269,1
-10.388440261729611,-7.259002512510373,0
-4.675886359273017,-1.1736396876091804,1
-10.075595442400548,-8.566975624048634,0
-5.186227204551166,-0.7774660085157594,1
-5.360657962851015,-3.547063513408898,1
-8.33396988331777,-5.00058328582015,0
-3.384231037511737,-1.6287523309824419,1
-3.5351164124887227,-1.9372709369593493,1
-5.693662661341794,-3.1539815081250895,1
-7.047878933491996,-5.85604308642348,1
-8.747995518196179,-6.2567451922249955,0
-9.316648343739502,-6.726279072381346,0
-3.443830118384089,-2.6329742727362397,1
-7.892367386558561,-5.105803620071967,0
-3.674120114398704,-1.501102301862907,1
-3.064720678595314,-2.8749325029708084,1
-10.040400716677174,-7.194595721894704,0
-2.3630963844032733,-2.531016600603995,1
-4.22734381916728,-1.9688636818951346,1
-2.9773425672325247,-1.9926628861787072,1
-9.418873208865694,-7.7652949633548936,0
-9.664146312163938,-6.745693042582026,0
-3.7452826744452214,-0.7738106216190477,1
-3.6875716785858184,-3.5444529868598114,1
-10.638511457857595,-6.347787218346584,0
-4.3486248725589824,-2.4716954652862055,1
-10.205628865497243,-6.190873229437994,0
-10.590365704885773,-8.73611781060751,0
-9.039126837240188,-4.816691722492079,0
-8.307326953270227,-6.74015763894649,0
-3.665827282670915,-2.715942169797909,1
-3.3082566063899974,-1.5211176704108147,1
-4.337232525278618,-3.4379989294428697,1
-3.9373932679740897,-1.3783754556754384,1
-8.156414429989214,-6.932936811998001,0
-4.157467372071634,-2.256640996864044,1
-9.922106671402496,-6.467256476177279,0
-9.353883881058406,-7.033621768707788,0
-11.489885200360487,-6.280266885995616,0
-3.3325856052850353,-3.9632315539150698,1
-3.729752565006594,-2.266885651132141,1
-10.28165301172816,-5.650522913571666,0
-4.087024449927807,-2.0145761294392353,1
-2.713529842491714,-2.0259064047102275,1
-3.8839737799944456,-2.694997737464339,1
-3.2773008819876956,-2.9365678690183343,1
-10.921697904978142,-6.543175081825791,0
-10.980400813244128,-6.933044345764292,0
-4.039401098221387,-1.5742935909149232,1
-3.951011096380388,-2.4607326206568803,1
-4.070831728435908,-2.0072345178682265,1
-5.427210407192096,-2.008074300169434,1
-4.054413789905811,-3.0754026927146074,1
-8.446579798872234,-4.527839385425617,0
-10.24495902248645,-6.257628383796989,0
-10.314604278888321,-5.73242447107531,0
-11.361765253692532,-6.800487379678586,0
-8.044990830924682,-6.261512655306556,0
-3.653085247955003,-2.8690298588997662,1
-3.7208730760660553,-1.9983246884677826,1
-10.164242411933836,-6.973527786927647,0
-3.1345138351891295,-2.236769057932864,1
-10.027072661785814,-6.016062481990351,0
-8.976586893015913,-6.677242902745464,0
-10.145428820519797,-6.626825104023501,0
-10.263572485702001,-4.964268985703766,0
-10.369307767999647,-3.909746663812784,0
-10.57116734895154,-7.3131029255614965,0
-10.33666368901883,-7.833966888936708,0
-3.367506279240256,-1.6591999461323388,1
-9.556037765471434,-8.069369538158556,0
-9.235874133978081,-5.974808663359294,0
-4.606228490741822,-3.029851445587803,1
-3.1694244775808107,-2.7621256437835093,1
-9.33455910291319,-9.183655751103496,0
-10.335373451195743,-5.504233064675385,0
-4.968066059589848,-1.9836157728994928,1
-3.5094300918562045,-2.810944259554353,1
-9.747709838995656,-6.61398365178187,0
-4.238236768155708,-2.0312226614737376,1
-3.8450189590094874,-0.8995331400633813,1
-4.1066792337257345,-1.3846178917655483,1
-10.388004344767577,-4.579341485691838,0
-9.004205266041293,-5.380158939947974,0
-9.749461492448182,-7.445439433408206,0
-10.776996429408506,-7.578701628823486,0
-2.9821078623010107,-4.441483219510353,1
-10.248252028454964,-5.174634351242648,0
-8.879736655763365,-6.822912902011399,0
-8.954710681003597,-7.009895778573562,0
-8.849893641060051,-6.365489097903052,0
-9.167267056657826,-6.209646806951553,0
-9.646507996131133,-6.539995342124563,0
-9.781724186808125,-7.116957578209892,0
-9.999476748465373,-7.437793490303008,0
-3.804780187610619,-2.6087127586633603,1
-9.23348022225001,-8.039496419165916,0
-4.255200037393238,-1.3813208089945552,1
-4.351787959369099,-4.457606723166171,1
-9.85678641308126,-5.480047545161275,0
-3.0793705950215555,-0.4472322972063858,1
-3.267731290323998,-1.777975571017862,1
-11.204401978243782,-7.059043798888937,0
-11.115914206112155,-5.583983762133608,0
-10.089041529312844,-6.642304111057986,0
-10.930499497691702,-8.412713135254528,0
-10.310404069114618,-6.623374255317345,0
-8.975005310140267,-5.872715590395386,0
-3.889152707526159,-0.972403438424861,1
-9.814591779950012,-7.218363226275118,0
-9.703719360092329,-6.534000419155311,0
-11.844580787941632,-6.324751498112155,0
-7.914073076688591,-6.082530794068395,0
-9.937147848900013,-7.811287108732598,0
-9.233430092684722,-6.041891545941989,0
-10.190244418769343,-7.001308849474524,0
-3.008304059786594,-1.612481421175209,1
-4.380012897883609,-1.8648892329499418,1
-9.726165193281304,-8.152541235497635,0
-9.474266445819714,-7.399569856417284,0
-10.202502006003465,-7.810274367357236,0
-4.292990911443362,-3.9991896875562842,1
-5.014860105799498,-3.5754908316170093,1
-9.72098385774006,-7.767134067783233,0
-3.9211031589876053,-1.5895222407110405,1
-4.379464296465897,-1.6695486438998484,1
-3.2307847300664454,-2.505544088841363,1
-10.166947428089749,-6.372184160403368,0
-4.512526146357443,-4.647656823238098,1
-4.045043233211855,-0.14427575125791248,1
-4.94488254406775,-0.7522476315922897,1
-2.6046011218996137,-2.7342806701390177,1
-10.464110168543199,-7.830430893471543,0
-7.836759358066957,-7.363397405534413,0
-10.811234655680643,-5.747426719650514,0
-9.400790995132978,-7.666282644456125,0
-10.681582277093865,-7.250253456521488,0
-8.419027445199367,-6.168886843535752,0
-9.732532286932338,-6.670874542787116,0
-4.72946929112701,-2.014344795864771,1
-10.312159631195604,-6.543486084957691,0
-2.771713576032195,-2.023916496140059,1
-11.103753385526042,-4.878322449700225,0
-5.342010651195893,-2.53884459932067,1
-2.766918930586892,-1.9704000417650678,1
-7.7638125479832185,-5.710758679618853,0
-5.407230016395994,-2.266447175642611,1
-8.20361593693842,-7.4269075941980605,0
-4.69542035964275,-2.9280895478598774,1
-8.747688671044376,-6.694131066934981,0
-10.136490939357625,-8.600368477454307,0
-9.104481913583662,-6.941697162421873,0
-11.307417996873731,-5.0469956930919295,0
-3.338101801936678,-4.2266357165129325,1
-3.6146963612841123,-4.482421383607591,1
-10.508884500391243,-6.510848014399562,0
-4.322498229618608,-1.2801685163485523,1
-9.065494524287612,-4.59556882538533,0
-3.94712023386231,-2.1945828030045034,1
-2.6550426167227306,-2.774287215755846,1
-2.138877915915846,-2.3478477053051674,1
-9.619972188584397,-8.834989855386024,0
-3.600961536566137,-2.246223048913616,1
-4.391977402984066,-1.3695683318043863,1
-10.428121084783733,-5.529563746371595,0
-8.869723342850133,-5.867112392216857,0
-9.315699738327154,-6.285276717886355,0
-5.2398239569223835,-2.3492693434276477,1
-3.649367308903476,-0.060657829414833664,1
-5.349759607329273,-2.22720408757246,1
-10.902812113995283,-7.84126313613044,0
-7.4433847404984945,-6.431612209165267,0
-3.9027326990496083,-2.463410621846167,1
-2.9865717741699047,-2.7753208663762634,1
-5.104379392866935,-3.3457714532087985,1
-9.126329315435381,-5.846946309907418,0
-9.858217704961312,-7.077239804045813,0
-4.297736987046939,-0.10782355923278741,1
-9.217096302295285,-6.256480046201663,0
-8.370121551455586,-7.171087253298641,0
-9.110443814392278,-5.321421730804395,0
-11.29409044763482,-6.778621965885098,0
-4.31508212234912,-1.6313783970976288,1
-10.201910396008834,-7.387666418708719,0
-9.069651153426948,-4.57518089185867,0
-4.69003744638082,-1.3426645635048264,1
-3.8601020077856196,-2.7296657685962935,1
-10.211627274118934,-7.036378125586821,0
-8.096625627512056,-7.789806881763295,0
-10.055634992093134,-6.842548396538363,0
-9.974003531339587,-4.2671366254613785,0
-5.449829771124433,-1.4471711284366227,1
-12.181653496585936,-6.044900433283554,0
-8.176839687129428,-6.185776020949461,0
-9.194005356387066,-3.3207578366615924,0
-9.861586714759287,-7.792468083452603,0
-4.216022107790788,-0.6149785814492603,1
-9.39533901860735,-7.584473865074276,0
-9.989788833042985,-5.253426166696977,0
-10.700832866719706,-7.6445212640675795,0
-10.415104700072874,-5.541488425892251,0
-2.5244353385124185,-3.9868239831529726,1
-3.2612439784901857,-1.9662078344068386,1
-9.417747436736724,-6.3346329514626065,0
-10.20000139867242,-6.334293461610027,0
-8.042362266706203,-6.28203359465818,0
-9.862855153020217,-6.1984881976887145,0
-11.218580611113971,-5.145180580300728,0
-1.8486471270648597,-2.9292397731593782,1
-2.7209471346509857,-2.980691946704544,1
-2.835456552946531,-1.9636230002753081,1
-4.080712889225009,-3.2612118999194175,1
-3.5581113729045755,-2.7177817592712206,1
-8.418675004160454,-8.134424258001356,0
-2.819062319696126,-2.9545293312190273,1
-2.53319703304863,-1.3902685779598887,1
-4.060356691348088,-2.5208728430730716,1
-8.484148885007633,-5.723268978982163,0
-4.540778109961489,-0.6102042477219574,1
-8.270170586026246,-7.995774268849621,0
-3.8784880414786556,-1.4148754009942723,1
-10.025417946678399,-6.87224431889838,0
-4.30357156972401,-3.1072106081794217,1
-9.462719491453129,-6.587667911288699,0
-9.736928032546581,-5.982510633381749,0
-3.752142032508379,-1.497958124376072,1
-11.31844916220068,-6.313089484965495,0
-8.323608561350863,-6.45020424518785,0
-2.7913174969071823,-3.2593978922273728,1
-9.999311811773175,-7.545772868994758,0
-9.132067484883258,-8.81744433499854,0
-4.115502070242688,-2.3041925201269975,1
-9.156143480096311,-6.464628429913056,0
-3.706909340406111,-3.038762679674166,1
-2.7716113135641214,-1.7005530600417593,1
-4.510107086616754,-3.6744363116016316,1
-9.702919681315088,-7.650626111212735,0
-10.092753669262283,-6.867323572919814,0
-9.745520565129178,-4.9774123228154386,0
-10.153127801732667,-6.4506145439510645,0
-9.844352298627372,-7.2568430701625575,0
-8.834412894145217,-3.6112170183860646,0
-7.14857459258329,-5.049468706576791,0
-4.385536210859357,-0.8672440161175026,1
-3.76399341684257,-3.027555103396768,1
-9.395661170143121,-4.952006807697494,0
-9.096454264130287,-7.570941214921313,0
-11.294891587270333,-6.15383874212195,0
-9.98490785075429,-7.227894858595674,0
-3.9665063323508543,-1.7339641772655734,1
-6.163730253764322,-1.737825418401484,1
-10.237012217281531,-6.8420408049532115,0
-8.721825930271088,-6.775537552648804,0
-4.827727042031839,-1.8220274581538702,1
-3.5748078021701972,-2.8164769237786498,1
-4.482065063361751,-1.5064722542592275,1
-3.970949069001785,-0.2528270565139066,1
-9.191687659440264,-8.187682452650694,0
-3.783560220572192,-2.4832524409169032,1
-2.650987106888613,-3.2183512543589354,1
-8.602507960047415,-8.271103438019795,0
-3.1182187377658748,-2.176417706853834,1
-10.50316880648242,-4.946174673898666,0
-5.06254756362207,-1.1489293852750389,1
-3.788748620728553,-2.2159647916046454,1
-9.698298569369635,-7.056397925339407,0
-4.209668300071921,-2.5876860947091322,1
-5.019101896358451,-2.3461967885823025,1
-9.79206808786209,-5.736917365243006,0
-8.248031593908035,-6.5088298608367605,0
-3.42458725467989,-2.133758385055388,1
-9.549709093171687,-6.617818588099311,0
-8.649094486946654,-6.266290349077462,0
-4.748403243848939,0.41344861025341784,1
-4.7924630817403635,-2.8724795980354743,1
-10.098968264197698,-7.398341448237886,0
-10.118044458612694,-7.246546914233766,0
-10.248080778645406,-7.954364609054332,0
-5.025171650912597,-0.87678230294272,1
-5.420854102617527,-2.020467367040797,1
-3.19706047734248,-1.4329080561196241,1
-3.2437206099932965,-1.7252253273421254,1
-3.5657528577048208,-2.8363190936630875,1
-5.124207593239357,-2.1272418176665195,1
-8.841304051473234,-8.481511056955556,0
-5.768226027108285,-2.3535158997713763,1
-10.273492814018411,-7.676796730851716,0
-3.54501089887757,-2.5227727429471054,1
-2.776870522450986,-2.610860900318813,1
-9.872696260954836,-5.378100191969936,0
-3.63041470401477,-1.7427020560988442,1
-8.023632014583374,-6.204551948761054,0
-3.1208072235445874,-2.97362567589333,1
-2.310600362417069,-2.9933450710143403,1
-4.629101487426132,-1.7037726504232351,1
-8.45229527267599,-8.223909310715486,0
-2.6878225388352828,-1.832026287512146,1
-5.218952939726082,-2.426760683707857,1
-9.434374124023702,-5.9187028076391455,0
-7.988451416221965,-8.28413271897635,0
-2.95696456767696,-3.1793593696682274,1
-8.823566639340994,-5.286189984389339,0
-5.151124462633485,-0.7941689289713834,1
-9.06155912782664,-7.646977041006652,0
-2.57830999413071,-0.8658912200381201,1
-4.076969758525494,-2.044212089920252,1
-10.95984730874127,-7.70643158264361,0
-3.6558065146371845,-3.8211473752281995,1
-10.009978111725953,-7.839233318476401,0
-10.079732617663884,-7.645088979321574,0
-3.2634226908871127,-0.78219036759013,1
-4.652568883200171,-0.3633039857559215,1
-10.8810075466435,-6.8118274332908575,0
-2.960916621133568,0.09569371219070488,1
-10.180855103714881,-6.797860249308082,0
-9.458835516961965,-6.530324906002271,0
-1.6628077102658616,-1.9714867834528567,1
-3.367467838934825,-1.522698951126228,1
-4.527780740104449,-3.6767383996009437,1
-3.619862599174922,-2.1361103866887348,1
-4.492600117845349,-1.4617503887055796,1
-1.9790094116047197,-1.0123823113847819,1
-4.060612929931069,-2.649900188477563,1
-5.247979528777142,-2.0469964410336194,1
-3.2321559634653267,-0.16322545036705938,1
-8.4923646164076,-6.3014408657583205,0
-8.262773789021548,-7.990892903765765,0
-2.9082767869427277,-3.0467137953201213,1
-10.874990736226746,-8.317688679688253,0
-10.519730496478182,-7.215067105908529,0
-4.311732386313148,-2.0519735287134533,1
-3.21210003038774,-0.7058086415058433,1
-3.1202433447478746,-3.0626770926898192,1
-3.8724150502216395,-1.696979479176561,1
-10.023993209984901,-6.685553228249615,0
-11.877845233190612,-6.210896998957727,0
-5.33768991667316,-3.759314750570046,1
-9.934482740648455,-7.161841027708792,0
-5.131173304833835,-2.997540326418464,1
-9.79345324927917,-6.524869475738959,0
-10.863648997661683,-5.317520073181418,0
-4.777133758532109,-3.6432462901970286,1
-9.104122703645602,-5.809436981581264,0
-9.988472404555397,-7.428348716232195,0
-4.433538272855961,-3.0424066648721997,1
-9.854594691893967,-5.925494190765542,0
-3.2468202051069484,-0.793085196364917,1
-8.792932756710153,-5.832281189765967,0
-3.905451087467182,-2.0294061471353104,1
-10.35635384821124,-8.063432504029585,0
-2.813718924076878,-3.332162014145296,1
-10.868140595611951,-7.397731909482225,0
-3.0441601053627965,-1.9610567314866278,1
-10.65247124554342,-6.329248781928684,0
-3.6807179815978124,-2.139292148108942,1
-2.3585583465123126,-3.056259244154346,1
-9.17347984554158,-6.6617917474110095,0
-4.915427245745543,-1.3782973111799848,1
-4.349697821591782,-1.7435135289926784,1
-3.4593650549703696,-3.0987095772406024,1
-9.86766797583111,-6.275806469121927,0
-8.652762182619401,-6.435151708045712,0
-4.354087867402763,-1.834959507113491,1
-9.336711233966776,-7.26577130649542,0
-10.307861312619949,-6.3604901737452755,0
-8.404598041513669,-5.442338386809663,0
-9.821427685447775,-7.776304018680683,0
-11.589833980259106,-7.246710181776561,0
-3.902823570476253,-2.2637339331730244,1
-9.75222035284932,-4.53328723462031,0
-6.533637427009502,-8.996642884452253,0
-7.804230832385301,-5.912185521903281,0
-8.940129896715542,-8.673745631503555,0
-4.09836582663043,-1.0789041284496113,1
-8.813000641962144,-4.620259295075543,0
-4.309239872477874,-2.2072174157539575,1
-9.652985366211004,-5.576279635201467,0
-8.770795578727363,-5.796841904284005,0
-8.420424619153778,-8.194583168716017,0
-4.732619573366742,-3.632295422141933,1
-3.8727911307013634,-2.12450077103811,1
-4.672705090340825,-2.7014524909001176,1
-9.181390233690376,-4.694698939083271,0
-5.482472619527176,-1.6608509405907517,1
-11.892032890896052,-7.043275868792993,0
-4.387940409512276,-3.105945170822173,1
-2.871594351109975,-3.514839244978993,1
-10.387683338309712,-5.429024655668615,0
-3.5951477340209292,-2.2708036562660974,1
-9.53606189719281,-5.78121544368803,0
-5.108214733124315,-1.5990143706870223,1
-10.032767088467239,-6.179846835884303,0
-8.239522144697705,-6.4726453875566685,0
-4.788371139417765,-3.82548714154136,1
-11.427702918239802,-6.080354317694324,0
-4.562236123018114,-2.1205049622517955,1
-10.41597378340974,-6.727331850753746,0
-10.144551733704596,-5.856332511704581,0
-4.297112987279259,-2.4007216290767803,1
-3.787839305005453,0.026821185180157858,1
-11.33925694464305,-6.460477824226174,0
-10.426645912675491,-5.107581306915549,0
-5.03888481206441,-2.3385465111921335,1
-3.8284977075337396,-0.7212183046916656,1
-4.723554228023599,-1.3936475962063861,1
-3.5293890222927096,-2.2419630553729375,1
-5.176145469045396,-2.3732837908401385,1
-2.0628168395221422,-2.384822107344752,1
-10.597354285025567,-5.126598131286611,0
-11.089520855017152,-4.6895216729040525,0
-9.19629274229997,-7.706698885957988,0
-4.035750251468657,-5.0583175590800415,1
-4.504683285700666,-2.3873886645712235,1
-9.275710870387787,-5.215127976449939,0
-7.936933980578333,-7.066531890094971,0
-3.9560711399399966,-3.2561182240496,1
-9.472872496428245,-4.685458382989234,0
-5.478865693868428,-1.1611804890878996,1
-9.462679997339631,-6.848434900666237,0
-10.367208635980182,-5.27935814265531,0
-2.3191380468977396,-3.0984000738123623,1
-4.064420448328545,-2.7239378756347934,1
-9.567727028803374,-5.0532177195164705,0
-4.008631546088854,-0.1292146825860847,1
-9.861797699916227,-5.498821342865367,0
-9.29379827770276,-6.699419413532535,0
-8.482697221348788,-6.548515945106016,0
-4.226604942940759,-3.1473761882992406,1
-3.640313903825703,0.02356740084957476,1
-3.686419841717672,-3.0318354210176057,1
-3.8533263507352693,-1.3536642250448936,1
-8.268669126135919,-7.442825012769639,0
-11.343844035734943,-6.192993794044808,0
-2.50074279988228,-3.5250937763393706,1
-4.152641732840638,-0.8361482463453869,1
-2.628782022262267,-1.7184736628324169,1
-9.683720273030206,-6.4050644161759465,0
-10.76901218605643,-7.439742011298103,0
-5.213799487230764,-1.1993292125713346,1
-5.313510177470683,-3.8228399273701172,1
-6.98197970829923,-2.579536553949053,1
-3.667646252631702,-3.231734009301011,1
-9.607368042099875,-6.877661985660892,0
-4.0270641543144965,-4.048348152711542,1
-8.84805788768982,-6.486947401729794,0
-10.023806041955181,-7.606819692170609,0
-10.920714433567033,-6.558570561216024,0
-10.241244017234717,-6.609572734188897,0
-5.670540371061872,-2.6317445574361367,1
-4.136872152947414,-1.8840535048762013,1
-5.35712893820473,-1.3064839604049556,1
-3.111591747128857,-2.1817171081054254,1
-9.263101378952559,-6.709139993779441,0
-9.525224839883094,-7.162190264168033,0
-5.868610392313602,-1.8858076165409088,1
-8.827994569261842,-6.914677327348942,0
-3.9747124862596657,-2.3792569228687563,1
-3.9095355437501933,-2.428170033075707,1
-5.513553094223848,-3.428541033829946,1
-4.4407515122981325,-1.1643671356550018,1
-2.5922355643966037,-2.576041877430992,1
-4.003054713663814,-1.776144612858811,1
-9.356093313531233,-6.053441790102066,0
-9.187966193562662,-6.12793112006591,0
-8.73417900088865,-6.371102760582807,0
-4.690384607494486,-1.3856999398605006,1
-4.166905720096344,-1.0444092303120072,1
-10.2380108658081,-6.578339633204981,0
-8.323246822246578,-6.2091578289195715,0
-4.201418335930906,-2.3161955286696894,1
-11.831077195455878,-7.300059224707276,0
-10.906625286669744,-6.304873255333999,0
-9.796998382672138,-7.260905725904279,0
-4.432125504700282,-3.3905853486327624,1
-9.860496229872107,-7.405238891690079,0
-10.774401095511182,-5.157453802992837,0
-2.899963408969139,-2.094108670099715,1
-10.421308883599039,-4.067740531283866,0
-3.312071953819354,-3.8252246990200707,1
-10.23466512261341,-6.698814913373397,0
-1.0525466920185456,-2.0601838413659426,1
-9.404046923051219,-5.12830233603044,0
-10.543425870987326,-6.786374937764777,0
-10.3431520402149,-6.641681299279875,0
-9.120544697149217,-6.587897433534012,0
-11.04587120555345,-4.7737070369507775,0
-3.7721449849567366,-4.169148672292287,1
-11.393620860211088,-7.938316470602532,0
-4.22406062941421,-4.178505766154831,1
-9.213395026950359,-4.945874053942571,0
-3.0611290084403135,-3.8292999462217368,1
-10.184695703900093,-7.172806257649634,0
-9.329305404116598,-6.161008370576814,0
-2.884061892029791,-2.534817441784787,1
-3.8104700938048035,-1.8411152475144035,1
-2.433803813045386,-2.9617955066340476,1
-9.591739397159923,-6.576883864326902,0
-3.8814600228535507,-1.4322869670195193,1
-4.22431033139931,-0.9983431574863144,1
-4.928736831729459,-2.3356596005348162,1
-4.874206493225229,-1.9690201886897727,1
-4.971662509671871,-3.4472984162688096,1
-9.154183742692908,-7.497236322620084,0
-9.112288278334251,-5.5128448872999165,0
-4.563103658081462,-1.7339106239790427,1
-5.397127175427434,-0.37108481277031524,1
-9.927613126307136,-5.2581660963493,0
-4.407268073749272,-2.3567013531027925,1
-3.6928763680033043,-2.196352487419302,1
-8.990907623068132,-6.252311828835957,0
-4.780528223281427,-2.240624591395821,1
-4.660017405792219,-2.364522680716547,1
-3.3256948712091217,-1.8309141780586904,1
-8.784270857601818,-7.897426102665602,0
-11.410746075982594,-6.4533887748627015,0
-9.640229749108197,-7.371935794216776,0
-5.421385756581779,-2.827704653291537,1
-3.505857423068261,-1.2130038108566548,1
-3.602780958562873,-1.88124988240217,1
-3.035393198741203,-0.8188627508234148,1
-8.09641539487426,-6.466014991820697,0
-9.386092875833862,-5.58073326374522,0
-10.659927794352154,-5.883711758330408,0
-9.043476932630215,-6.390520568146773,0
-7.9716333292171,-7.336541138684952,0
-2.1165190968774756,-2.7831646884519436,1
-9.90401553593389,-5.975185514136158,0
-1.5322238896906106,-0.24649521759174542,1
-3.0301191987882987,-1.1649926951008798,1
-9.007921702428874,-6.015846879718106,0
-3.447084383028108,-1.2913401629833072,1
-10.818253362475955,-6.861804638463388,0
-11.100367141373068,-6.975194507188766,0
-10.86856031660935,-6.343737712681196,0
-10.794202166548795,-5.963396034468464,0
-3.889522874210259,-1.3176013070397166,1
-7.730900663715464,-7.307616178847349,0
-10.308757464275686,-7.425439960261304,0
-11.016020952748185,-7.586454067270798,0
-10.256449003755685,-7.026583846018838,0
-8.892777397354578,-8.175057724941794,0
-4.901687907303288,-0.4883753708304901,1
-5.12052855591396,-1.6383918944287323,1
-8.522096240810313,-6.738492159679984,0
-3.703543078939248,-2.2286059062745753,1
-11.558423373330452,-6.39171998449585,0
-4.914781387536633,-2.1501410760540964,1
-1.7225113105705971,-3.3930346296594536,1
-9.58225401485731,-4.820063136388944,0
-10.017543418848671,-6.618104400880003,0
-2.6521757722187136,-2.2713027204763074,1
-3.836567623287931,-2.097300473611372,1
-9.711722981207915,-6.203335606503116,0
-9.178984276980824,-8.466922998966979,0
-4.4519902814950365,-2.7247995098304747,1
-4.05348061429061,-2.3274041426971515,1
-4.471283001574914,-1.9504152622350615,1
-5.528742085584946,-3.820068561022971,1
-3.1454047518388664,-3.024095257199501,1
-2.478660926282127,-2.3313424426254548,1
-3.815196968941495,-2.3767780554289817,1
-8.647916234193767,-8.506657319155076,0
-10.260938596536128,-7.303310612836188,0
-9.352444684506837,-5.123369669347907,0
-11.077234841155391,-4.000767370000812,0
-10.446978598782309,-7.105241482515014,0
-5.170845286419476,0.22455723455357424,1
-3.483982073576599,-2.852334072778947,1
-8.700154607891314,-5.864920710425021,0
-10.307726662556416,-6.330294862766642,0
-2.958929373340645,-3.4064274802790937,1
-5.317852615711743,-2.0813534702766368,1
-4.859628871782594,-1.1425456185501672,1
-10.759961149283283,-5.444848517735521,0
-3.836465356939238,-2.62954611589844,1
-3.607187905657133,-3.5005601592389244,1
-8.817173924259137,-6.92100899759483,0
-2.739678272018743,-3.641280266252892,1
-10.207006231921268,-5.6044055744438745,0
-7.753079887535595,-7.810719701317639,0
-8.920475045073456,-5.635558654017012,0
-11.445281601807682,-6.2427875607733965,0
-10.901397661296771,-5.170092743092008,0
-9.972928747227117,-6.346408622150728,0
-10.254378133913093,-6.029954076979187,0
-5.643546443086464,-1.3348173211101693,1
-4.536276072695849,-2.655957094039948,1
-10.712986290856014,-5.99009824286924,0
-8.050232154535491,-6.56068605512602,0
-5.273765164490118,-1.8771226302413102,1
-9.570827047440984,-5.232778913880892,0
-8.792296381006675,-6.191499795466554,0
-9.443230827534551,-7.646308734851038,0
-8.856533657482016,-5.581339062536705,0
-11.072790180236007,-6.513763537126732,0
-2.5462434260462428,1.4862204791241558,1
-6.390556757097967,-1.8242989693254046,1
-4.89904863075679,-3.7553276330622873,1
-2.985610003769235,-0.8612390549050082,1
-4.217696611686342,-2.4303617511183324,1
-9.693302715654195,-6.682938863146456,0
-2.9468354608132135,-2.941144060434482,1
-10.642179250779424,-7.183000193440792,0
-10.025572576608036,-6.2158347214440575,0
-10.241841744296616,-6.217894795003145,0
-3.321193174244891,-1.141055537805454,1
-9.411332485336864,-6.906467143211992,0
-7.647032337587113,-7.36690869282292,0
-9.82577836166319,-8.450328022678672,0
-4.056164142753362,-1.149031412854845,1
-9.662472120077744,-3.7468439414780805,0
-8.355618682645273,-5.6233805576522045,0
-3.013620398423339,-1.6689006199347567,1
-3.9296617345059603,-1.8753321059404646,1
-9.499926518325541,-6.403380095753973,0
-3.8186793838175395,-2.717110765385478,1
-4.691590904795651,-2.0498529254117197,1
-4.017523652122646,-2.108731855157361,1
-4.911865191112449,-0.9468748440828261,1
-5.376735560601239,-2.4597050758172454,1
-9.253644895606541,-6.783302876791556,0
-9.478272937354014,-6.238647999172809,0
-4.5418337478581865,-1.5163693935253937,1
-4.897851910364521,-0.9725079180260849,1
-4.283457052146504,-2.3280402480569657,1
-3.727861775376207,-2.7007206274544564,1
-4.599216113187251,-0.8881068050863687,1
-8.08513320674758,-6.062388440408394,0
-10.305900857608215,-6.2210992213975125,0
-3.5994962780252573,-2.849596678028639,1
-9.40483685805567,-6.596116229390249,0
-1.9436659778555914,-3.3575403487825572,1
-2.6286415881778025,-2.3008020499375923,1
-5.4001222131782365,-2.754818962857433,1
-9.995742580151228,-6.8305202509324,0
-10.191811592404049,-7.125358084311619,0
-3.5367369402280326,-1.751500403970997,1
-10.660740882751552,-6.942730042173055,0
-2.481963597692155,-1.7648246823907185,1
-5.333383300180702,-1.2240955109935285,1
-9.382926629671125,-7.461247630160049,0
-4.284920867314003,-1.7698516943339686,1
-2.9167216474661384,-2.491439280565602,1
-10.032921170212749,-6.323282241025609,0
-10.371664960014025,-5.334644803157975,0
-6.0429966599610445,-2.708749298470076,1
-9.5951529472731,-4.739442169344304,0
-3.2954566676875827,-2.4957109211941004,1
-3.292372700086407,-2.062896630506525,1
-2.4547038559359526,-1.1375758698882077,1
-10.368737491865117,-7.653711432989342,0
-4.539337793798488,-3.3057950318830773,1
-9.446364956098494,-7.400262246659739,0
-3.2711615161436187,-3.400359442766196,1
-3.454637791777993,-2.6633373569797087,1
-10.200201352507015,-7.030497653141064,0
-10.82897550041944,-5.49602813482545,0
-3.4848264511351,-0.5647672953956979,1
-10.116355733742376,-3.899139035343231,0
-11.099270801538845,-7.055130915150562,0
-10.193432168375937,-5.54525992177173,0
-6.183282155949285,-2.4970082072052886,1
-3.635534179373981,-0.3898534688870525,1
-3.7747050512954643,-2.520752572278657,1
-2.9202130314670907,-1.7567494441852172,1
-10.541238484745547,-7.158876781319849,0
-3.15946108833019,-0.8131344020062428,1
-8.315522194502778,-6.166602668176134,0
-5.005574540703179,-2.222720075359177,1
-3.4113610984433897,-2.5397019702207277,1
-5.457769620085708,-1.3915256591405012,1
-10.403957737366893,-8.751506720716904,0
-9.765622492715917,-5.346056141271821,0
-10.011571137384497,-6.87368839336844,0
-12.08920870863582,-5.632855497960473,0
-2.9634031050718286,-0.8339619638912241,1
-11.389354165063741,-7.018863865281749,0
-2.9629034646032286,-2.2126708425724995,1
-2.553529751789817,-2.8927535027233233,1
-8.792116322691175,-7.492082117094367,0
-3.3486167680815777,-2.3261470647123623,1
-9.484739354144622,-6.756880115236194,0
-10.903024291073855,-7.196270384994854,0
-9.473312652536752,-7.2016455236677785,0
-3.7699356106216535,-2.3472979578402793,1
-9.700214138560389,-5.066406573066575,0
-9.031066339924465,-7.638533224882925,0
-10.261246585056826,-5.892099243780735,0
-4.105871591237791,-1.0631191342645188,1
-5.504941298845188,-2.7168545431731506,1
-3.6090534555553564,-2.4056427659047155,1
-8.348731109118072,-7.704265251782891,0
-3.7255263116842716,-3.7803732291306686,1
-8.243203078279453,-7.033350898381981,0
-3.2243702001883316,-1.9930728271507916,1
-9.67005484303047,-6.773717282835676,0
-3.108952269808654,-2.171156811449405,1
